50 1309 37 26
0 0 1
1 0 1
3 0 1
4 0 1
5 0 1
8 0 1
10 0 1
12 0 1
14 0 1
15 0 1
16 0 1
17 0 1
18 0 1
20 0 1
24 0 1
29 0 1
31 0 1
32 0 1
33 0 1
35 0 1
36 0 1
38 0 1
40 0 1
41 0 1
42 0 1
44 0 1
47 0 1
48 0 1
0 2 1
0 4 1
0 6 1
0 8 1
0 9 1
0 12 1
0 13 1
0 14 1
0 20 1
0 21 1
0 23 1
0 24 1
0 25 1
0 26 1
0 27 1
0 29 1
0 32 1
0 33 1
0 36 1
0 38 1
0 40 1
0 41 1
0 42 1
0 43 1
0 44 1
1 1 1
2 1 1
3 1 1
6 1 1
7 1 1
14 1 1
15 1 1
16 1 1
18 1 1
20 1 1
21 1 1
22 1 1
23 1 1
26 1 1
27 1 1
28 1 1
30 1 1
31 1 1
33 1 1
36 1 1
37 1 1
40 1 1
42 1 1
43 1 1
44 1 1
45 1 1
46 1 1
48 1 1
1 4 1
1 6 1
1 7 1
1 11 1
1 14 1
1 15 1
1 17 1
1 22 1
1 26 1
1 27 1
1 29 1
1 31 1
1 32 1
1 34 1
1 36 1
1 40 1
1 42 1
1 43 1
1 44 1
1 46 1
1 49 1
2 2 1
3 2 1
4 2 1
5 2 1
8 2 1
9 2 1
11 2 1
12 2 1
14 2 1
16 2 1
22 2 1
25 2 1
29 2 1
30 2 1
31 2 1
32 2 1
34 2 1
38 2 1
41 2 1
43 2 1
45 2 1
47 2 1
49 2 1
2 4 1
2 6 1
2 7 1
2 15 1
2 16 1
2 17 1
2 20 1
2 21 1
2 23 1
2 24 1
2 25 1
2 28 1
2 29 1
2 31 1
2 35 1
2 37 1
2 41 1
2 44 1
2 45 1
2 47 1
2 49 1
3 3 1
6 3 1
7 3 1
8 3 1
9 3 1
10 3 1
11 3 1
14 3 1
19 3 1
20 3 1
21 3 1
24 3 1
26 3 1
28 3 1
30 3 1
33 3 1
34 3 1
38 3 1
39 3 1
41 3 1
42 3 1
44 3 1
46 3 1
47 3 1
49 3 1
3 5 1
3 6 1
3 11 1
3 13 1
3 14 1
3 15 1
3 17 1
3 18 1
3 20 1
3 21 1
3 24 1
3 26 1
3 28 1
3 30 1
3 33 1
3 34 1
3 36 1
3 41 1
3 42 1
3 43 1
3 45 1
3 47 1
3 48 1
3 49 1
4 4 1
5 4 1
6 4 1
7 4 1
8 4 1
10 4 1
11 4 1
12 4 1
13 4 1
14 4 1
15 4 1
16 4 1
17 4 1
18 4 1
19 4 1
22 4 1
23 4 1
25 4 1
27 4 1
29 4 1
34 4 1
36 4 1
37 4 1
38 4 1
40 4 1
41 4 1
44 4 1
45 4 1
48 4 1
4 7 1
4 11 1
4 14 1
4 16 1
4 17 1
4 18 1
4 19 1
4 20 1
4 21 1
4 23 1
4 24 1
4 27 1
4 30 1
4 31 1
4 32 1
4 34 1
4 35 1
4 36 1
4 37 1
4 42 1
4 43 1
4 44 1
4 45 1
4 46 1
4 48 1
4 49 1
5 5 1
8 5 1
9 5 1
11 5 1
15 5 1
17 5 1
20 5 1
21 5 1
22 5 1
25 5 1
26 5 1
27 5 1
29 5 1
31 5 1
32 5 1
33 5 1
35 5 1
38 5 1
39 5 1
43 5 1
44 5 1
45 5 1
47 5 1
5 14 1
5 15 1
5 16 1
5 20 1
5 22 1
5 25 1
5 30 1
5 31 1
5 33 1
5 35 1
5 38 1
5 39 1
5 40 1
5 41 1
5 42 1
5 46 1
5 47 1
6 6 1
8 6 1
10 6 1
14 6 1
15 6 1
16 6 1
17 6 1
19 6 1
21 6 1
22 6 1
23 6 1
24 6 1
26 6 1
27 6 1
29 6 1
30 6 1
31 6 1
33 6 1
36 6 1
39 6 1
43 6 1
44 6 1
46 6 1
48 6 1
49 6 1
6 7 1
6 10 1
6 11 1
6 13 1
6 14 1
6 15 1
6 16 1
6 18 1
6 21 1
6 22 1
6 23 1
6 26 1
6 27 1
6 28 1
6 31 1
6 32 1
6 33 1
6 36 1
6 37 1
6 40 1
6 41 1
6 42 1
6 45 1
6 49 1
7 7 1
15 7 1
16 7 1
17 7 1
18 7 1
19 7 1
23 7 1
24 7 1
29 7 1
35 7 1
36 7 1
38 7 1
39 7 1
42 7 1
43 7 1
44 7 1
46 7 1
48 7 1
7 8 1
7 10 1
7 13 1
7 15 1
7 16 1
7 17 1
7 20 1
7 21 1
7 22 1
7 25 1
7 26 1
7 28 1
7 29 1
7 31 1
7 33 1
7 36 1
7 38 1
7 40 1
7 41 1
7 42 1
8 8 1
11 8 1
12 8 1
13 8 1
15 8 1
19 8 1
20 8 1
23 8 1
24 8 1
27 8 1
28 8 1
31 8 1
36 8 1
37 8 1
42 8 1
43 8 1
46 8 1
47 8 1
48 8 1
49 8 1
8 10 1
8 12 1
8 13 1
8 15 1
8 16 1
8 19 1
8 21 1
8 22 1
8 25 1
8 26 1
8 27 1
8 28 1
8 30 1
8 33 1
8 34 1
8 36 1
8 37 1
8 44 1
8 46 1
8 47 1
8 49 1
9 9 1
12 9 1
15 9 1
16 9 1
17 9 1
18 9 1
20 9 1
23 9 1
27 9 1
30 9 1
32 9 1
33 9 1
36 9 1
37 9 1
38 9 1
42 9 1
44 9 1
45 9 1
46 9 1
9 11 1
9 12 1
9 13 1
9 14 1
9 17 1
9 21 1
9 24 1
9 25 1
9 26 1
9 28 1
9 29 1
9 30 1
9 32 1
9 33 1
9 35 1
9 36 1
9 37 1
9 40 1
9 41 1
9 43 1
9 47 1
9 48 1
10 10 1
14 10 1
16 10 1
21 10 1
23 10 1
24 10 1
25 10 1
26 10 1
27 10 1
28 10 1
30 10 1
32 10 1
33 10 1
34 10 1
35 10 1
36 10 1
39 10 1
40 10 1
41 10 1
45 10 1
47 10 1
48 10 1
49 10 1
10 11 1
10 15 1
10 16 1
10 20 1
10 22 1
10 23 1
10 25 1
10 27 1
10 31 1
10 32 1
10 34 1
10 35 1
10 36 1
10 37 1
10 38 1
10 40 1
10 46 1
10 48 1
11 11 1
16 11 1
17 11 1
20 11 1
21 11 1
22 11 1
24 11 1
27 11 1
28 11 1
29 11 1
30 11 1
33 11 1
34 11 1
35 11 1
36 11 1
37 11 1
39 11 1
40 11 1
41 11 1
43 11 1
44 11 1
45 11 1
46 11 1
47 11 1
48 11 1
49 11 1
11 17 1
11 18 1
11 19 1
11 20 1
11 22 1
11 27 1
11 29 1
11 30 1
11 31 1
11 32 1
11 33 1
11 34 1
11 38 1
11 44 1
11 45 1
11 46 1
11 49 1
12 12 1
13 12 1
15 12 1
16 12 1
17 12 1
18 12 1
19 12 1
20 12 1
22 12 1
25 12 1
26 12 1
27 12 1
28 12 1
30 12 1
31 12 1
32 12 1
33 12 1
35 12 1
37 12 1
38 12 1
39 12 1
40 12 1
43 12 1
45 12 1
47 12 1
12 13 1
12 14 1
12 15 1
12 17 1
12 18 1
12 19 1
12 21 1
12 22 1
12 23 1
12 24 1
12 25 1
12 26 1
12 27 1
12 28 1
12 29 1
12 30 1
12 31 1
12 32 1
12 33 1
12 34 1
12 35 1
12 38 1
12 39 1
12 41 1
12 43 1
12 47 1
13 13 1
18 13 1
19 13 1
20 13 1
21 13 1
24 13 1
27 13 1
28 13 1
31 13 1
32 13 1
33 13 1
36 13 1
37 13 1
38 13 1
39 13 1
40 13 1
42 13 1
45 13 1
47 13 1
48 13 1
13 14 1
13 18 1
13 19 1
13 21 1
13 23 1
13 24 1
13 32 1
13 33 1
13 35 1
13 39 1
13 41 1
13 42 1
13 44 1
13 46 1
13 47 1
13 48 1
13 49 1
14 14 1
16 14 1
17 14 1
18 14 1
20 14 1
21 14 1
24 14 1
25 14 1
26 14 1
30 14 1
31 14 1
33 14 1
34 14 1
38 14 1
39 14 1
40 14 1
41 14 1
43 14 1
44 14 1
49 14 1
14 15 1
14 16 1
14 20 1
14 21 1
14 22 1
14 24 1
14 27 1
14 28 1
14 32 1
14 36 1
14 40 1
14 42 1
14 43 1
14 44 1
14 46 1
14 48 1
14 49 1
15 15 1
16 15 1
17 15 1
18 15 1
19 15 1
23 15 1
24 15 1
25 15 1
28 15 1
30 15 1
31 15 1
34 15 1
36 15 1
37 15 1
38 15 1
39 15 1
44 15 1
48 15 1
15 16 1
15 19 1
15 20 1
15 22 1
15 23 1
15 24 1
15 25 1
15 26 1
15 31 1
15 32 1
15 34 1
15 35 1
15 41 1
15 42 1
15 43 1
15 47 1
15 48 1
15 49 1
16 16 1
20 16 1
21 16 1
23 16 1
30 16 1
31 16 1
35 16 1
36 16 1
38 16 1
40 16 1
42 16 1
43 16 1
45 16 1
46 16 1
49 16 1
16 17 1
16 19 1
16 20 1
16 21 1
16 22 1
16 24 1
16 25 1
16 29 1
16 32 1
16 35 1
16 37 1
16 41 1
16 46 1
16 48 1
16 49 1
17 17 1
18 17 1
19 17 1
20 17 1
21 17 1
23 17 1
25 17 1
27 17 1
33 17 1
35 17 1
36 17 1
38 17 1
41 17 1
43 17 1
45 17 1
46 17 1
47 17 1
48 17 1
49 17 1
17 18 1
17 19 1
17 20 1
17 21 1
17 22 1
17 26 1
17 30 1
17 31 1
17 34 1
17 36 1
17 39 1
17 40 1
17 41 1
17 42 1
17 44 1
17 45 1
17 47 1
18 18 1
21 18 1
22 18 1
24 18 1
27 18 1
30 18 1
31 18 1
34 18 1
37 18 1
39 18 1
41 18 1
42 18 1
43 18 1
45 18 1
46 18 1
47 18 1
18 20 1
18 21 1
18 25 1
18 28 1
18 31 1
18 34 1
18 35 1
18 36 1
18 37 1
18 40 1
18 41 1
18 43 1
18 44 1
18 45 1
18 48 1
19 19 1
21 19 1
22 19 1
23 19 1
24 19 1
25 19 1
26 19 1
27 19 1
35 19 1
36 19 1
37 19 1
42 19 1
46 19 1
47 19 1
49 19 1
19 21 1
19 22 1
19 23 1
19 25 1
19 31 1
19 33 1
19 34 1
19 40 1
19 41 1
19 44 1
19 45 1
19 46 1
19 48 1
19 49 1
20 20 1
21 20 1
24 20 1
25 20 1
27 20 1
28 20 1
29 20 1
30 20 1
32 20 1
33 20 1
37 20 1
39 20 1
42 20 1
43 20 1
45 20 1
46 20 1
48 20 1
20 23 1
20 25 1
20 26 1
20 29 1
20 30 1
20 34 1
20 35 1
20 36 1
20 37 1
20 38 1
20 40 1
20 42 1
20 43 1
20 47 1
20 48 1
20 49 1
21 21 1
23 21 1
25 21 1
30 21 1
32 21 1
33 21 1
35 21 1
36 21 1
38 21 1
39 21 1
42 21 1
21 22 1
21 23 1
21 24 1
21 25 1
21 28 1
21 29 1
21 31 1
21 32 1
21 33 1
21 35 1
21 36 1
21 37 1
21 42 1
21 43 1
21 45 1
21 46 1
21 48 1
22 22 1
23 22 1
27 22 1
28 22 1
29 22 1
30 22 1
31 22 1
34 22 1
36 22 1
39 22 1
40 22 1
41 22 1
42 22 1
44 22 1
45 22 1
46 22 1
48 22 1
22 25 1
22 26 1
22 27 1
22 32 1
22 33 1
22 35 1
22 36 1
22 38 1
22 40 1
22 42 1
22 44 1
22 45 1
22 46 1
22 47 1
22 48 1
23 23 1
26 23 1
28 23 1
29 23 1
30 23 1
31 23 1
32 23 1
33 23 1
34 23 1
35 23 1
36 23 1
37 23 1
38 23 1
40 23 1
41 23 1
45 23 1
46 23 1
47 23 1
49 23 1
23 29 1
23 30 1
23 31 1
23 32 1
23 35 1
23 36 1
23 38 1
23 40 1
23 43 1
23 49 1
24 24 1
27 24 1
33 24 1
34 24 1
36 24 1
37 24 1
38 24 1
41 24 1
42 24 1
43 24 1
45 24 1
46 24 1
47 24 1
48 24 1
49 24 1
24 25 1
24 28 1
24 29 1
24 30 1
24 32 1
24 36 1
24 38 1
24 40 1
24 41 1
24 42 1
24 43 1
24 45 1
24 46 1
24 48 1
25 25 1
27 25 1
28 25 1
29 25 1
30 25 1
33 25 1
39 25 1
42 25 1
43 25 1
45 25 1
46 25 1
25 26 1
25 27 1
25 29 1
25 31 1
25 32 1
25 35 1
25 38 1
25 42 1
25 44 1
25 45 1
25 49 1
26 26 1
28 26 1
30 26 1
32 26 1
33 26 1
39 26 1
42 26 1
46 26 1
26 27 1
26 31 1
26 33 1
26 35 1
26 36 1
26 39 1
26 40 1
26 42 1
26 44 1
26 46 1
26 47 1
27 27 1
29 27 1
31 27 1
32 27 1
33 27 1
36 27 1
37 27 1
39 27 1
41 27 1
42 27 1
43 27 1
45 27 1
46 27 1
47 27 1
27 28 1
27 29 1
27 30 1
27 32 1
27 33 1
27 36 1
27 37 1
27 38 1
27 41 1
27 42 1
27 43 1
27 44 1
27 46 1
27 47 1
27 48 1
28 28 1
29 28 1
31 28 1
34 28 1
36 28 1
37 28 1
39 28 1
43 28 1
46 28 1
49 28 1
28 30 1
28 31 1
28 32 1
28 34 1
28 35 1
28 37 1
28 40 1
28 41 1
28 42 1
28 47 1
28 48 1
29 29 1
34 29 1
35 29 1
36 29 1
37 29 1
42 29 1
43 29 1
44 29 1
49 29 1
29 30 1
29 31 1
29 32 1
29 37 1
29 39 1
29 40 1
29 43 1
29 45 1
29 46 1
29 47 1
29 48 1
30 30 1
31 30 1
33 30 1
35 30 1
39 30 1
40 30 1
41 30 1
42 30 1
46 30 1
47 30 1
30 31 1
30 33 1
30 35 1
30 36 1
30 37 1
30 38 1
30 39 1
30 40 1
30 42 1
30 47 1
31 31 1
34 31 1
35 31 1
40 31 1
41 31 1
42 31 1
44 31 1
45 31 1
47 31 1
31 32 1
31 33 1
31 35 1
31 36 1
31 37 1
31 38 1
31 39 1
31 40 1
31 41 1
31 42 1
31 43 1
31 45 1
31 48 1
32 32 1
34 32 1
35 32 1
37 32 1
38 32 1
40 32 1
41 32 1
43 32 1
44 32 1
45 32 1
49 32 1
32 34 1
32 35 1
32 36 1
32 37 1
32 39 1
32 43 1
32 44 1
32 45 1
32 48 1
33 33 1
35 33 1
37 33 1
39 33 1
41 33 1
42 33 1
43 33 1
44 33 1
45 33 1
48 33 1
33 35 1
33 37 1
33 39 1
33 41 1
33 42 1
33 47 1
33 48 1
33 49 1
34 34 1
35 34 1
38 34 1
41 34 1
44 34 1
45 34 1
47 34 1
49 34 1
34 35 1
34 37 1
34 38 1
34 39 1
34 40 1
34 44 1
34 45 1
34 46 1
35 35 1
37 35 1
38 35 1
39 35 1
41 35 1
43 35 1
47 35 1
48 35 1
35 38 1
35 45 1
35 46 1
35 47 1
35 48 1
36 36 1
37 36 1
38 36 1
40 36 1
45 36 1
46 36 1
48 36 1
49 36 1
36 39 1
36 40 1
36 41 1
36 42 1
36 44 1
37 37 1
39 37 1
40 37 1
42 37 1
43 37 1
44 37 1
45 37 1
46 37 1
48 37 1
49 37 1
37 38 1
37 40 1
37 43 1
37 44 1
37 48 1
37 49 1
38 38 1
40 38 1
44 38 1
38 39 1
38 44 1
38 45 1
38 46 1
38 47 1
38 49 1
39 39 1
42 39 1
46 39 1
47 39 1
48 39 1
39 41 1
39 43 1
39 46 1
39 49 1
40 40 1
42 40 1
43 40 1
44 40 1
47 40 1
40 41 1
40 43 1
40 44 1
40 47 1
40 49 1
41 41 1
43 41 1
44 41 1
45 41 1
41 43 1
41 47 1
42 42 1
45 42 1
46 42 1
47 42 1
48 42 1
49 42 1
42 44 1
42 45 1
42 46 1
43 43 1
44 43 1
45 43 1
46 43 1
48 43 1
43 44 1
43 45 1
43 46 1
43 48 1
43 49 1
44 44 1
45 44 1
46 44 1
47 44 1
48 44 1
49 44 1
44 45 1
44 46 1
44 48 1
45 45 1
47 45 1
49 45 1
45 46 1
45 47 1
45 49 1
46 46 1
48 46 1
49 46 1
46 47 1
46 49 1
47 47 1
48 47 1
47 49 1
48 48 1
49 48 1
49 49 1
0 1
1 1
7 1
9 1
14 1
15 1
18 1
19 1
20 1
21 1
22 1
23 1
25 1
26 1
27 1
28 1
30 1
32 1
33 1
34 1
37 1
39 1
43 1
45 1
47 1
49 1
