18 241 4 6
0 0 1
1 0 1
2 0 0
3 0 1
4 0 1
5 0 0
6 0 1
7 0 0
8 0 0
9 0 0
10 0 1
11 0 1
12 0 1
13 0 1
14 0 0
15 0 0
16 0 0
17 0 0
0 1 1
0 4 1
0 5 1
0 8 1
0 12 1
0 13 1
0 15 1
1 1 1
2 1 0
3 1 1
4 1 0
5 1 1
6 1 1
7 1 0
8 1 1
9 1 0
10 1 0
11 1 1
12 1 1
13 1 0
14 1 0
15 1 1
16 1 1
17 1 0
1 3 1
1 5 1
1 8 1
1 9 1
1 10 1
1 13 1
1 14 1
1 15 1
1 17 1
2 2 1
3 2 1
4 2 0
5 2 1
6 2 1
8 2 0
9 2 0
10 2 1
11 2 1
12 2 1
13 2 0
14 2 0
15 2 1
16 2 1
17 2 1
2 4 1
2 5 1
2 6 1
2 8 1
2 11 1
2 12 1
2 16 1
2 17 1
3 3 1
4 3 0
5 3 1
6 3 1
7 3 1
8 3 0
9 3 1
10 3 0
11 3 0
12 3 1
13 3 1
14 3 0
15 3 1
16 3 0
17 3 1
3 4 1
3 6 1
3 10 1
3 12 1
3 16 1
3 17 1
4 4 1
5 4 1
6 4 1
7 4 1
8 4 0
9 4 0
10 4 1
11 4 1
12 4 0
13 4 1
14 4 1
15 4 0
16 4 1
17 4 0
4 5 1
4 6 1
4 8 1
4 10 1
4 11 1
4 12 1
4 13 1
4 15 1
4 16 1
5 5 1
6 5 0
7 5 0
8 5 0
9 5 0
10 5 0
11 5 1
12 5 0
13 5 0
14 5 1
15 5 1
16 5 1
17 5 0
5 6 1
5 7 1
5 8 1
5 10 1
5 13 1
5 16 1
6 6 1
7 6 0
8 6 0
9 6 0
10 6 1
11 6 0
12 6 0
13 6 0
14 6 0
15 6 0
16 6 1
17 6 1
6 9 1
6 10 1
6 12 1
6 14 1
6 15 1
7 7 1
8 7 1
9 7 1
10 7 1
11 7 1
12 7 0
13 7 1
15 7 0
16 7 1
17 7 1
7 13 1
7 14 1
7 15 1
7 16 1
7 17 1
8 8 1
9 8 1
10 8 0
11 8 1
12 8 0
13 8 0
14 8 0
16 8 1
17 8 1
8 12 1
8 13 1
9 9 1
10 9 0
11 9 0
12 9 1
13 9 0
14 9 1
15 9 0
16 9 0
17 9 1
9 10 1
9 16 1
9 17 1
10 10 1
11 10 0
12 10 1
13 10 1
14 10 1
15 10 1
16 10 0
17 10 1
10 12 1
10 13 1
10 16 1
10 17 1
11 11 1
12 11 1
13 11 1
14 11 1
15 11 1
16 11 1
17 11 1
11 12 1
11 14 1
11 16 1
12 12 1
13 12 1
14 12 1
15 12 0
16 12 1
17 12 1
12 15 1
12 16 1
12 17 1
13 13 1
14 13 0
15 13 0
16 13 0
17 13 0
13 15 1
14 14 1
16 14 1
17 14 0
14 16 1
14 17 1
15 15 1
16 15 1
17 15 1
16 16 1
17 16 0
16 17 1
17 17 1
2 1
3 1
4 1
7 1
12 1
13 1
