29 442 28 14
0 0 1
1 0 1
2 0 1
3 0 1
5 0 1
7 0 1
13 0 1
14 0 1
15 0 1
19 0 1
20 0 1
21 0 1
22 0 1
23 0 1
28 0 1
0 1 1
0 2 1
0 3 1
0 5 1
0 7 1
0 11 1
0 12 1
0 19 1
0 20 1
0 21 1
0 22 1
0 23 1
0 24 1
0 27 1
1 1 1
3 1 1
4 1 1
5 1 1
9 1 1
11 1 1
14 1 1
17 1 1
21 1 1
23 1 1
25 1 1
26 1 1
1 3 1
1 7 1
1 10 1
1 12 1
1 18 1
1 20 1
1 22 1
1 24 1
1 26 1
1 27 1
1 28 1
2 2 1
6 2 1
7 2 1
8 2 1
9 2 1
10 2 1
11 2 1
12 2 1
13 2 1
14 2 1
15 2 1
20 2 1
24 2 1
26 2 1
2 3 1
2 4 1
2 6 1
2 10 1
2 12 1
2 14 1
2 18 1
2 19 1
2 21 1
2 22 1
2 23 1
2 24 1
2 25 1
2 26 1
2 27 1
3 3 1
4 3 1
5 3 1
10 3 1
14 3 1
15 3 1
17 3 1
19 3 1
20 3 1
23 3 1
25 3 1
27 3 1
28 3 1
3 4 1
3 5 1
3 8 1
3 10 1
3 11 1
3 14 1
3 18 1
3 20 1
3 22 1
3 23 1
3 24 1
4 4 1
10 4 1
13 4 1
16 4 1
17 4 1
18 4 1
19 4 1
21 4 1
22 4 1
25 4 1
27 4 1
28 4 1
4 7 1
4 8 1
4 9 1
4 12 1
4 18 1
4 20 1
4 21 1
4 23 1
4 24 1
4 26 1
4 27 1
5 5 1
7 5 1
10 5 1
11 5 1
12 5 1
18 5 1
20 5 1
22 5 1
25 5 1
26 5 1
28 5 1
5 6 1
5 7 1
5 8 1
5 9 1
5 10 1
5 12 1
5 13 1
5 15 1
5 16 1
5 18 1
5 20 1
5 22 1
5 23 1
5 26 1
5 27 1
5 28 1
6 6 1
8 6 1
10 6 1
11 6 1
12 6 1
13 6 1
14 6 1
15 6 1
17 6 1
18 6 1
19 6 1
20 6 1
21 6 1
23 6 1
27 6 1
28 6 1
6 9 1
6 12 1
6 13 1
6 14 1
6 16 1
6 17 1
6 18 1
6 20 1
6 26 1
6 27 1
7 7 1
8 7 1
13 7 1
14 7 1
16 7 1
21 7 1
22 7 1
23 7 1
25 7 1
26 7 1
28 7 1
7 10 1
7 14 1
7 16 1
7 17 1
7 21 1
7 22 1
7 24 1
7 25 1
7 26 1
7 28 1
8 8 1
9 8 1
10 8 1
11 8 1
12 8 1
14 8 1
17 8 1
20 8 1
21 8 1
24 8 1
26 8 1
28 8 1
8 16 1
8 18 1
8 21 1
8 23 1
8 24 1
8 25 1
8 26 1
8 27 1
8 28 1
9 9 1
10 9 1
11 9 1
12 9 1
13 9 1
20 9 1
21 9 1
22 9 1
23 9 1
24 9 1
28 9 1
9 11 1
9 12 1
9 14 1
9 16 1
9 17 1
9 18 1
9 24 1
9 25 1
9 26 1
9 27 1
10 10 1
14 10 1
15 10 1
19 10 1
21 10 1
23 10 1
24 10 1
25 10 1
26 10 1
27 10 1
10 11 1
10 12 1
10 13 1
10 16 1
10 17 1
10 18 1
10 19 1
10 20 1
10 21 1
10 26 1
11 11 1
12 11 1
15 11 1
16 11 1
17 11 1
18 11 1
20 11 1
21 11 1
22 11 1
23 11 1
24 11 1
25 11 1
26 11 1
27 11 1
28 11 1
11 12 1
11 15 1
11 19 1
11 20 1
11 21 1
11 22 1
11 23 1
11 25 1
11 26 1
11 27 1
11 28 1
12 12 1
13 12 1
19 12 1
24 12 1
28 12 1
12 13 1
12 14 1
12 15 1
12 16 1
12 20 1
12 21 1
12 22 1
12 26 1
13 13 1
16 13 1
18 13 1
20 13 1
21 13 1
22 13 1
23 13 1
24 13 1
25 13 1
28 13 1
13 16 1
13 17 1
13 19 1
13 20 1
13 21 1
13 25 1
13 27 1
14 14 1
15 14 1
16 14 1
17 14 1
18 14 1
19 14 1
20 14 1
21 14 1
26 14 1
27 14 1
28 14 1
14 16 1
14 17 1
14 22 1
14 26 1
14 27 1
14 28 1
15 15 1
20 15 1
21 15 1
23 15 1
26 15 1
27 15 1
28 15 1
15 16 1
15 17 1
15 18 1
15 19 1
15 22 1
15 23 1
15 24 1
15 25 1
15 28 1
16 16 1
17 16 1
23 16 1
25 16 1
26 16 1
16 17 1
16 18 1
16 19 1
16 20 1
16 21 1
16 22 1
16 23 1
16 24 1
16 25 1
16 28 1
17 17 1
18 17 1
21 17 1
24 17 1
27 17 1
17 19 1
17 20 1
17 21 1
17 24 1
17 25 1
18 18 1
19 18 1
20 18 1
26 18 1
27 18 1
28 18 1
18 19 1
18 22 1
18 26 1
18 28 1
19 19 1
20 19 1
21 19 1
22 19 1
23 19 1
24 19 1
26 19 1
27 19 1
19 20 1
19 24 1
19 25 1
19 28 1
20 20 1
21 20 1
23 20 1
26 20 1
27 20 1
28 20 1
20 21 1
20 27 1
20 28 1
21 21 1
23 21 1
26 21 1
28 21 1
21 25 1
21 26 1
22 22 1
25 22 1
26 22 1
22 23 1
22 24 1
22 25 1
22 26 1
22 28 1
23 23 1
23 26 1
23 28 1
24 24 1
25 24 1
28 24 1
24 25 1
24 27 1
24 28 1
25 25 1
27 25 1
28 25 1
25 26 1
25 27 1
26 26 1
26 28 1
27 27 1
27 28 1
28 28 1
0 1
1 1
3 1
4 1
5 1
6 1
10 1
11 1
12 1
15 1
16 1
20 1
23 1
28 1
