0.2250134114991238
77.4148652386770664
83.2726061541732889
77.2300452441107836
89.2732569682254677
81.7623862867607016
82.0293625531457877
77.2409152441281748
82.6355419048093580
77.3558584846824431
82.9419115273272638
34.0499024017540890
34.7999025892541383
34.5132023296182879
33.8774988035136602
33.7348988091891400
45.6710180042804552
84.0293625531457877
33.8769988228733681
45.7278180165492572
45.7278180165492572
96.4801409823906795
96.4545491833907391
83.3481383773617068
83.2200383896849303
76.2562167707598491
68.4492228376278860
68.4468628375523735
84.9760976049516330
84.4322292847621725
84.2480292966246509
79.8038273456165683
82.2297390686747605
82.2458390689967587
83.0621218581231062
83.3973450990339700
83.6456531621693387
63.2658824733460321
62.5004590307806964
67.7712772517179900
91.4022483733697442
91.9245904722528024
90.1236891416555892
83.8600100905714640
92.1103840868314307
1.4450455623079477
90.8052104680983092
77.0889880027315400
82.6605732323432107
82.9724742326304323
92.4359375029806642
82.3901803575248977
77.1075184840881178
85.3216095788456386
83.0957365568214641
75.6654563106453395
47.8269337608752849
75.7190882071414109
75.3990882071414035
76.2090882855414264
87.0384908869531984
76.9385380578735720
82.9832274898641487
84.4752281284404205
83.5641355809226667
83.5819355794274657
75.6759146247933217
77.3406142808688202
75.7787146190776326
75.7210028796166341
75.1901295543874113
77.7261979389497384
77.4336142650588357
75.2345295593602117
75.2345295593602117
75.2271295503174144
95.1132437195508800
95.2357213922387302
80.9910872879895720
82.1112587224607751
96.7305521937713451
92.2299682662494007
77.8735927371502328
52.4571631359333139
74.2057729028848314
74.3956782790478428
75.0230386405275169
74.3095782652718384
83.1401011257805180
75.1639586057258668
75.3101022125709534
76.0840707811877621
75.3359022125193576
75.3358022098210540
76.0036749555930413
76.1303749528056386
82.9044403787547282
81.6938549857569285
76.2090167692494447
77.2984063785347786
82.8549811970068504
82.8165812019220482
77.0668231122398595
71.5807412469884952
71.7927412529244862
3.9965256757993060
55.9487989734899642
70.9201694702539100
96.3574694014657780
97.2262695141220235
96.7172694385400149
96.2552694034280165
71.2455708593391108
86.4603288660223512
89.1482569682254677
74.2450361300014663
74.2203275185954681
74.6600535965516201
74.1421289813592921
77.1327372190987290
95.8058462556680297
95.1391964490168078
95.7468462468180377
75.0321574888581182
4.5984309663716187
4.2949309741108692
76.6471664134234913
76.7344709842532922
76.6975664130202830
75.2626651589083622
75.2626651589083622
75.2544651641067617
75.1434624431503266
75.3326480006031289
96.5238109612073174
75.1941831821997511
75.1945528399918146
82.2771827492280892
83.0108786188643251
96.4795109544737102
75.2000651554027684
75.1273624428283284
75.3142479985423279
75.2694831962808450
75.2690528332868070
76.8682037535753153
82.9371786132631286
84.8124588360980169
79.6120975042625645
80.4523331123130987
96.2897633950011596
96.2931882174611644
95.1062682876804502
96.4956062310050129
96.3974703676403237
82.3462620232306506
82.3467891254359898
77.2518509047942104
76.7438730423591124
76.7331650136849106
88.0863313893643891
84.8864980657648687
63.2204170959262299
68.7404461238889581
82.4111626029325208
78.9829149678549953
68.6198657420531646
85.1481860191219937
85.1332160197492414
83.3913117992471626
91.9949112861685165
91.9819112849985032
68.4070098868514123
89.8763571118863780
90.0926891373155883
80.5759660507635971
76.7278664055103832
82.6147257326659457
96.0581588303053024
80.6832473379959652
80.6149473453040599
84.3065292866796483
76.9556313319630760
77.2568413226165376
77.0539012893630542
83.7785425286246834
95.1479006442507824
80.0055404528908980
88.3166646648361109
82.4466732350235958
71.0145153473203266
71.3895153473202981
71.4875453366546481
71.4776453778926140
71.0977453367501084
71.0705553374572787
96.6713820440777454
80.8291405489226378
82.3111967475737885
55.2491564704411928
80.9513405348207584
70.5167426283443461
95.1633325325816628
77.1070472339760045
77.1142546240384235
77.2807072171066665
76.9891652999190370
77.2432776864022799
77.4025476946174251
96.8738204188363738
96.7601204090354372
78.2085882881590209
78.5881010831126474
79.4187335835138128
80.7569459314214271
78.5989204981297860
78.4269078805623678
78.6865204606369986
79.1755610759026638
77.3121689613863055
81.3220276113958533
82.9886218463631025
65.3021000953648212
76.1205392376377716
76.5233763493215235
76.5433663986838866
91.7968136224288429
91.7312136119328443
83.7190800810896576
83.6916800808156580
73.9001269099435660
80.4619477407531889
80.5883473453306607
80.5454477261406936
80.2301024933766485
76.7579583350926669
76.1193434777698883
83.0251760044188103
82.1844137297424453
82.8779495866339602
96.5484942675189188
76.3685173054722242
94.1445123105830532
94.1813123147046554
76.3230639288488817
62.1046618592879014
72.4322239385739692
76.9479302597628703
77.3617764230808262
77.3618764230808296
77.3618764230808296
82.8665258779741123
2.7770848884670767
4.4621191918865319
3.9271256666385046
3.7771191850365318
72.1575213268172320
76.4376301766374269
76.4486501768357840
76.4487401767485295
76.4488501766015247
83.6709632944796198
71.5241423290945306
94.5599428219698694
95.1092891214096881
72.2487013051528635
37.2364037773094694
83.2207132451264044
83.0737132432153942
75.7731906777837168
77.0834063405654746
77.2573615243375826
77.3324615199817771
77.3321615464783889
67.1945742792782283
83.8058022048963380
77.5539163852514406
76.8177336178714825
76.8293336187530826
55.0410564692342135
54.8584463767369783
76.6465763510956037
77.1012580695932286
91.7863798461690692
89.2093657010089913
84.1592779196976579
92.1735406268935407
91.8436798362561717
88.6977502476829329
88.6977502476829329
88.9427502268579389
88.9427502268579389
83.2382397986439599
83.1456398323503407
79.0100974772096691
95.9927391831282222
95.3087594931538433
95.9965066877340405
96.4917391871202170
76.1652804764650284
77.1275090586667602
77.1302599273269038
77.2167599545744139
77.1302477763054100
77.2167478035529200
77.1132861739286994
85.0681819975622346
75.9678139798418357
92.7657716536889012
77.1058285910542764
76.9267184178669368
77.1599306042678279
77.1599306042678279
77.1599306042678279
83.7172872658632059
84.5408664976531270
77.0854306109728356
77.0854306109728356
77.0854306109728356
76.6535062603814197
79.0220529708839337
81.5129613996280113
81.1813158473759984
83.4531572980952348
83.3981573035952266
83.0411515552641077
91.7287149633142036
91.4067149568742110
96.7212208720961257
83.5844578179378033
83.3664578196818127
86.8185151178649335
72.9313923120825081
50.0297429399708236
85.9435010305380302
71.6998680979847762
71.1149267910221852
84.1911654724136298
76.8964783161347611
82.2321827463759973
79.0065397977403308
77.1731383106845641
70.9833476953103286
85.3342960204329017
70.5335125987403444
73.9009694279459382
74.4733074706030607
70.8097125841017458
74.1633694010761815
70.6166126287394604
73.9829694410659471
71.9710305304663223
73.4578690766093985
90.6272016788133072
82.6288639749564879
4.0139285484262794
77.0050240651753768
77.1950740609942869
77.1409140692833262
77.3175140699813710
77.1320340780097382
77.3185940598084898
83.0683900925776726
82.3346967483962828
76.8619380577164293
82.4375108339912117
81.5826105025463590
76.1237446926572829
76.1829298890293671
76.1967446933872736
75.9065014950977996
75.9240063853998208
75.8268976418501524
71.4114964429646761
69.4459519104150331
80.6563518956770622
75.6238521260030438
71.3621731566375672
70.0028026153603378
70.5126263953857375
69.7653826070388590
70.7248362477907335
70.1219026100484797
70.7167362484387354
4.0087285486342790
74.9500843747544678
77.0540252065646882
76.8653716836959973
77.4716917212393383
81.2468839843661641
77.2803920918781273
75.5190236637075571
82.1174608826972445
83.7291654373016172
73.9288699947358339
96.7307958100873577
81.1452674521525665
64.1713105162666011
76.7984203106920091
84.5646076196830734
79.8565753107254892
72.7369817709649311
73.4553021698128958
75.6122640868329512
85.8139643910635215
85.5778643668160584
55.2313896368453854
71.5314174254401678
92.6994881783476643
87.6338314402706402
83.0540229764762330
83.0223429799230104
91.7956483801362140
69.6271586818881048
69.7471586722881085
70.6252088348210378
69.1634262131555033
87.4370745246346104
83.2399070024147534
91.2883558719581174
81.2982865257895781
82.5376418607543343
78.6691508394998351
91.4062558748348835
76.2893167711570470
81.7891137675342179
71.9407659155039596
84.1672894188231879
76.9932668557982538
75.7997115384185491
76.6829469941719708
77.4071404611806599
82.0308862713219469
85.0230754847575696
81.1832864447268889
82.7708573206771518
84.4683261027219316
76.8148380521586347
81.9588086258765713
79.9311353219311940
84.4039012735876497
84.2750012752375710
84.4998075884447672
79.3413127795237472
78.6562564697672286
79.0055673028545726
78.9844974772096720
79.0619272598002283
77.4676267642554990
79.0618272598002250
77.6186267541385035
77.6206267575234961
77.6206267575234961
78.9664338741623766
79.3721019412459015
95.3614487567464835
96.6816475649699356
95.3615487567464868
96.7896475679939385
97.1216476177699377
97.1216476177699377
96.9461475185501911
96.9387475745597698
80.3039660072435879
96.7373428822441213
76.4686116859701173
76.5053793849616284
71.7007761545362996
74.1728433893344175
69.5487621604489163
70.2852879434465052
71.3407286833280807
74.8001753430050229
74.8296753474300260
74.8337753370914243
74.8226753452550213
74.8226753452550213
73.9795992085080911
76.8724336048528869
76.4683487247131950
76.5117891578784537
76.5163617295541911
76.5110793920159153
76.5306793913103149
76.5306793913103149
76.5205314080813253
75.1715624318667324
77.2385742571683096
77.3393577623891275
77.2939577588479239
77.3875577576655331
77.3124577602354321
77.1832992106793228
77.1829200988075854
